9.992576095025983429e-01
9.985152190051966858e-01
9.977728285077951398e-01
9.970304380103934827e-01
9.977728285077951398e-01
9.970304380103934827e-01
9.977728285077951398e-01
9.970304380103934827e-01
9.977728285077951398e-01
9.970304380103934827e-01
9.992576095025983429e-01
9.970304380103934827e-01
9.977728285077951398e-01
9.977728285077951398e-01
9.977728285077951398e-01
9.985152190051966858e-01
9.962880475129918256e-01
9.977728285077951398e-01
9.977728285077951398e-01
9.985152190051966858e-01
9.962880475129918256e-01
9.977728285077951398e-01
9.970304380103934827e-01
9.985152190051966858e-01
9.985152190051966858e-01
9.977728285077951398e-01
9.970304380103934827e-01
9.970304380103934827e-01
9.985152190051966858e-01
9.985152190051966858e-01
9.977728285077951398e-01
9.977728285077951398e-01
9.977728285077951398e-01
9.977728285077951398e-01
9.970304380103934827e-01
9.977728285077951398e-01
9.977728285077951398e-01
9.985152190051966858e-01
9.985152190051966858e-01
9.992576095025983429e-01
9.970304380103934827e-01
9.985152190051966858e-01
9.985152190051966858e-01
9.962880475129918256e-01
9.955456570155901685e-01
9.985152190051966858e-01
9.985152190051966858e-01
9.977728285077951398e-01
9.985152190051966858e-01
9.970304380103934827e-01
9.985152190051966858e-01
9.970304380103934827e-01
9.962880475129918256e-01
9.948032665181886225e-01
9.977728285077951398e-01
9.977728285077951398e-01
9.985152190051966858e-01
9.985152190051966858e-01
9.977728285077951398e-01
9.962880475129918256e-01
9.970304380103934827e-01
9.977728285077951398e-01
9.970304380103934827e-01
9.977728285077951398e-01
9.985152190051966858e-01
9.977728285077951398e-01
9.970304380103934827e-01
9.962880475129918256e-01
9.985152190051966858e-01
9.970304380103934827e-01
9.985152190051966858e-01
9.977728285077951398e-01
9.970304380103934827e-01
9.985152190051966858e-01
9.977728285077951398e-01
9.977728285077951398e-01
9.977728285077951398e-01
9.970304380103934827e-01
9.985152190051966858e-01
9.977728285077951398e-01
9.977728285077951398e-01
9.970304380103934827e-01
9.977728285077951398e-01
9.970304380103934827e-01
9.970304380103934827e-01
9.962880475129918256e-01
9.977728285077951398e-01
9.970304380103934827e-01
9.970304380103934827e-01
9.970304380103934827e-01
9.992576095025983429e-01
9.970304380103934827e-01
9.977728285077951398e-01
9.970304380103934827e-01
9.985152190051966858e-01
9.977728285077951398e-01
9.977728285077951398e-01
9.985152190051966858e-01
9.977728285077951398e-01
